83 
77 83 
77 83 93 
77 83 86 93 
49 77 83 86 93 
49 62 77 83 86 93 
49 62 77 83 86 90 93 
49 62 63 77 83 86 90 93 
40 49 62 63 77 83 86 90 93 
40 49 62 63 72 77 83 86 90 93 
11 40 49 62 63 72 77 83 86 90 93 
11 40 49 62 63 67 72 77 83 86 90 93 
11 40 49 62 63 67 72 77 82 83 86 90 93 
11 40 49 62 63 67 72 77 82 83 86 90 93 
11 40 49 62 63 67 72 77 82 83 86 90 93 
11 29 40 49 62 63 67 72 77 82 83 86 90 93 
11 22 29 40 49 62 63 67 72 77 82 83 86 90 93 
11 22 29 40 49 62 63 67 69 72 77 82 83 86 90 93 
11 22 29 40 49 62 63 69 69 72 77 82 83 86 90 93 
11 22 29 40 49 62 63 69 69 72 77 82 83 86 90 93 
11 22 29 40 49 62 63 69 69 72 77 82 83 86 90 93 
11 21 22 29 40 49 62 63 69 69 72 77 82 83 86 90 93 
11 21 22 29 40 49 62 63 69 69 72 77 82 83 84 86 90 93 
11 21 22 29 40 49 62 63 69 69 72 77 82 83 84 86 90 93 98 
11 15 21 22 29 40 49 62 63 69 69 72 77 82 83 84 86 90 93 98 
11 13 15 21 22 29 40 49 62 63 69 69 72 77 82 83 84 86 90 93 98 
11 13 15 21 22 29 40 49 62 63 69 69 72 77 82 83 84 86 90 91 93 98 
11 13 15 21 22 29 40 49 56 62 63 69 69 72 77 82 83 84 86 90 91 93 98 
11 13 15 21 22 29 40 49 56 62 63 69 69 72 77 82 83 84 86 90 91 93 98 
11 13 15 21 22 29 40 49 56 62 63 69 69 72 77 82 83 84 86 90 91 93 96 98 
5 11 13 15 21 22 29 40 49 56 62 63 69 69 72 77 82 83 84 86 90 91 93 96 98 
5 11 13 15 21 22 29 40 49 56 62 63 69 69 72 77 82 83 84 86 90 91 93 96 98 
5 11 13 15 21 22 29 36 40 49 56 62 63 69 69 72 77 82 83 84 86 90 91 93 96 98 
11 13 15 21 22 29 36 40 46 49 56 62 63 69 69 72 77 82 83 84 86 90 91 93 96 98 
11 13 15 21 22 36 40 46 49 56 62 63 69 69 72 77 82 83 84 86 90 91 93 96 98 
11 13 15 21 22 24 36 40 46 49 56 62 63 69 69 72 77 82 83 84 86 90 91 93 96 98 
11 13 15 21 22 24 36 40 46 49 56 62 63 69 69 72 77 82 83 84 86 90 91 93 96 98 
11 13 14 15 21 22 24 36 40 46 49 56 62 63 69 69 72 77 82 83 84 86 90 91 93 96 98 
11 13 14 15 21 22 24 34 36 40 46 49 56 62 63 69 69 72 77 82 83 84 86 90 91 93 96 98 
11 13 14 15 21 22 24 34 36 40 43 46 49 56 62 63 69 69 72 77 82 83 84 86 90 91 93 96 98 
11 13 14 15 21 22 24 34 36 40 43 46 49 56 62 63 69 69 72 77 82 83 84 86 87 90 91 93 96 98 
11 13 14 15 21 22 24 34 36 40 43 46 49 56 62 63 69 69 72 76 77 82 83 84 86 87 90 91 93 96 98 
11 13 14 15 21 22 24 34 36 40 43 46 49 56 62 63 69 69 72 76 77 82 83 84 86 87 88 90 91 93 96 98 
3 11 13 14 15 21 22 24 34 36 40 43 46 49 56 62 63 69 69 72 76 77 82 83 86 87 88 90 91 93 96 98 
3 11 13 14 15 21 22 24 34 36 40 43 46 49 54 56 62 63 69 69 72 76 77 82 83 86 87 88 90 91 93 96 98 
3 11 13 14 15 21 22 24 32 34 36 40 43 46 49 54 56 62 63 69 69 72 76 77 82 83 86 87 88 90 91 93 96 98 
3 11 13 14 15 21 22 24 32 34 36 40 43 46 49 54 56 62 63 69 69 72 76 77 82 83 86 87 88 90 91 93 96 98 
3 11 13 14 15 21 22 24 32 34 36 39 40 43 46 49 54 56 62 63 69 69 72 76 77 82 83 86 87 88 90 91 93 96 98 
3 11 13 14 15 21 22 24 26 32 34 36 39 40 43 46 49 54 56 62 63 69 69 72 76 77 82 83 86 87 88 90 91 93 96 98 
3 11 13 14 15 21 22 24 26 32 34 36 39 40 43 46 49 54 56 62 63 69 69 72 76 77 82 83 87 88 90 91 93 94 96 98 
3 11 13 14 15 21 22 24 26 32 34 36 40 43 46 49 54 56 62 63 69 69 72 76 77 82 83 87 88 90 91 93 94 95 96 98 
3 11 13 14 15 21 22 24 26 32 34 36 40 43 46 49 54 56 62 63 69 69 72 76 77 82 83 87 88 90 91 93 94 95 96 98 
3 11 13 14 15 21 22 24 26 32 34 36 40 43 46 49 54 56 62 63 67 69 69 72 76 77 82 83 87 88 90 91 93 94 95 96 98 
3 11 13 14 15 21 22 24 26 32 34 36 40 43 46 49 54 56 62 63 67 69 69 72 76 77 82 83 87 88 90 91 93 94 95 96 97 98 
3 11 13 14 15 17 21 22 24 26 32 34 36 40 43 46 49 54 56 62 63 67 69 69 72 76 77 82 83 87 88 90 91 93 94 95 96 97 98 
3 11 13 14 15 17 21 22 24 26 32 34 36 40 43 46 49 52 54 56 62 63 67 69 69 72 76 77 82 83 87 88 90 91 93 94 95 96 97 98 
1 3 11 13 14 15 17 21 22 24 26 32 34 36 40 43 46 49 52 54 62 63 67 69 69 72 76 77 82 83 87 88 90 91 93 94 95 96 97 98 
1 3 11 13 14 15 17 21 22 24 26 32 34 36 40 43 46 49 52 54 62 63 67 69 69 72 76 77 82 83 86 87 88 90 91 93 94 95 96 97 98 
1 3 11 13 14 15 17 21 22 24 26 32 34 36 40 43 46 49 52 54 62 63 65 67 69 69 72 76 77 82 83 86 87 88 90 91 93 94 95 96 97 98 
1 3 11 13 14 15 17 21 22 24 26 32 34 36 40 43 44 46 49 52 54 62 63 65 67 69 69 72 76 77 82 83 86 87 88 90 91 93 94 95 96 97 98 
1 3 11 13 14 15 17 21 22 24 26 32 34 36 40 43 44 46 49 52 54 62 63 65 67 69 69 72 76 77 82 83 86 87 88 90 91 93 94 95 96 97 98 
1 3 11 13 14 15 17 21 22 24 26 31 32 34 36 40 43 44 46 49 52 54 62 63 65 67 69 69 72 76 77 82 83 86 87 88 90 91 93 94 95 96 97 98 
1 3 11 13 14 15 21 22 24 26 31 32 34 36 40 43 44 46 49 52 54 62 63 65 67 69 69 72 76 77 82 83 86 87 88 90 91 93 94 95 96 97 98 
1 3 11 13 14 15 21 22 24 26 31 32 34 36 40 43 44 46 49 52 54 62 63 65 67 69 69 72 76 77 81 82 83 86 87 88 90 91 93 94 95 96 97 98 
1 3 9 11 13 14 15 21 22 24 26 31 32 34 36 40 43 44 46 49 52 54 62 63 65 67 69 69 72 76 77 81 82 83 86 87 88 90 91 93 94 95 96 97 98 
1 3 9 11 13 14 15 21 22 24 26 31 32 34 36 40 43 44 46 49 52 54 62 63 65 67 69 69 72 76 77 81 82 83 86 87 88 90 91 93 94 95 96 97 98 
1 3 9 11 13 14 15 21 22 24 26 31 32 34 36 40 43 44 46 49 52 54 62 63 65 67 69 69 72 76 77 81 82 83 86 87 88 90 91 93 94 95 96 97 98 
1 3 9 11 13 14 15 21 22 24 26 31 32 34 36 40 43 44 46 49 52 54 62 63 65 67 69 69 72 76 77 81 82 83 86 87 88 90 91 93 94 95 96 97 98 
1 3 6 9 11 13 14 15 21 22 24 26 31 32 34 36 40 43 44 46 49 52 54 62 63 67 67 69 69 72 76 77 81 82 83 86 87 88 90 91 93 94 95 96 97 98 
1 3 6 9 11 13 14 15 19 21 22 24 26 31 32 34 36 40 43 44 46 49 52 54 62 63 67 67 69 69 72 76 77 81 82 86 86 87 88 90 91 93 94 95 96 97 98 
1 3 6 9 11 13 14 15 19 21 22 26 28 31 32 34 36 40 43 44 46 49 52 54 62 63 67 67 69 69 72 76 77 81 82 86 86 87 88 90 91 93 94 95 96 97 98 
1 3 6 9 11 13 14 15 19 21 22 26 28 31 32 34 36 40 43 44 46 49 52 54 62 63 67 67 69 69 72 76 77 81 82 86 86 87 88 90 91 93 94 95 96 97 98 
1 3 6 9 11 13 14 15 19 21 22 26 28 31 32 34 36 40 43 44 46 49 52 54 62 63 67 67 69 69 72 76 77 81 82 86 86 87 88 90 91 93 94 95 96 97 98 
1 3 6 9 11 13 14 15 21 22 26 28 31 32 34 36 40 43 44 46 49 52 54 62 63 67 67 69 69 70 72 76 77 81 82 86 86 87 88 90 91 93 94 95 96 97 98 
1 3 6 8 9 11 13 14 15 21 22 26 28 31 32 34 36 40 43 44 46 49 52 54 62 63 67 67 69 69 70 72 76 77 81 82 86 86 87 88 90 91 93 94 95 96 97 98 
1 3 6 8 9 11 13 14 21 21 22 26 28 31 32 34 36 40 43 44 46 49 52 54 62 63 67 67 69 69 70 72 76 77 81 82 86 86 87 88 90 91 93 94 95 96 97 98 
1 3 6 8 9 11 13 14 21 21 22 26 28 31 32 34 36 40 43 44 46 52 52 54 62 63 67 67 69 69 70 72 76 77 81 82 86 86 87 88 90 91 93 94 95 96 97 98 
1 3 6 8 9 11 13 14 18 21 21 22 26 28 31 32 34 36 40 43 44 46 52 52 54 62 63 67 67 69 69 70 72 76 77 81 82 86 86 87 88 90 91 93 94 95 96 97 98 
1 3 6 8 9 11 13 14 18 21 21 22 26 28 31 32 34 36 40 43 44 46 52 52 54 62 63 67 67 69 69 70 72 76 77 81 82 86 86 87 88 90 91 93 94 95 96 97 98 
1 3 6 8 9 11 13 14 18 21 21 22 26 28 31 32 34 36 40 43 44 46 52 52 54 62 63 67 67 69 69 70 72 76 77 81 82 86 86 87 88 90 91 93 94 95 96 97 98 
1 3 6 8 9 11 13 14 18 21 21 22 26 28 31 32 34 36 40 43 44 46 52 52 54 62 63 67 67 69 69 70 72 76 77 79 81 82 86 86 87 88 90 91 93 94 95 96 97 98 
1 3 6 8 9 11 13 14 18 21 21 22 26 28 31 32 34 36 40 43 44 46 52 52 54 62 63 64 67 67 69 69 70 72 76 77 79 81 82 86 86 87 90 91 93 94 95 96 97 98 
1 3 6 8 9 11 13 14 18 21 21 22 26 31 31 32 34 36 40 41 43 44 46 52 52 54 62 63 64 67 67 69 69 70 72 76 77 79 81 82 86 86 87 90 91 93 94 95 96 97 98 
1 3 6 8 9 11 13 14 18 21 21 22 26 31 31 32 34 36 40 41 43 44 46 52 52 54 62 63 64 67 67 69 69 70 72 76 77 79 81 82 86 86 87 90 91 93 94 95 96 97 98 
1 3 6 8 9 11 13 14 18 21 21 22 26 31 31 32 34 36 40 41 43 44 46 52 52 54 62 63 64 67 67 69 69 70 72 76 77 79 81 82 86 86 87 90 91 93 94 95 96 97 98 
1 3 6 8 9 11 13 14 18 21 21 22 24 26 31 31 32 34 36 40 41 43 44 46 52 52 54 62 63 67 67 69 69 70 72 76 77 79 81 82 86 86 87 90 91 93 94 95 96 97 98 
1 3 6 8 9 11 13 18 21 21 22 24 26 31 31 32 34 36 40 41 43 44 46 52 52 54 62 63 67 67 69 69 70 72 76 77 79 81 82 86 86 87 90 91 93 94 95 96 97 98 
1 3 6 8 9 11 13 18 21 21 22 24 26 31 31 32 34 36 40 41 43 44 46 52 52 54 62 63 67 67 69 69 70 72 76 77 79 81 82 86 86 87 90 91 93 94 95 96 97 98 
1 3 6 8 9 11 13 18 21 21 22 24 26 27 31 31 32 34 36 40 41 43 44 46 52 52 54 62 63 67 67 69 69 70 72 76 77 79 81 82 86 86 87 90 93 94 95 96 97 98 
1 3 6 8 9 11 13 18 21 21 22 24 26 27 31 31 32 34 36 40 41 43 44 46 52 52 54 59 62 63 67 67 69 69 70 72 76 77 79 81 82 86 86 87 90 93 94 95 96 97 98 
1 3 6 8 9 11 13 18 21 21 22 24 26 27 31 31 32 34 40 41 43 44 46 52 52 54 59 62 63 67 67 69 69 70 72 76 77 79 81 82 86 86 87 90 93 94 95 96 97 98 
1 3 6 8 9 11 13 18 21 21 22 24 26 27 31 31 32 34 37 40 41 43 44 46 52 52 54 59 62 63 67 67 69 69 70 72 76 77 79 81 82 86 86 87 90 93 94 95 96 97 98 
1 3 6 8 9 11 13 18 21 21 22 24 26 27 31 31 32 34 37 40 41 43 44 46 52 52 54 59 62 63 67 67 69 69 70 72 75 76 77 79 81 82 86 86 87 90 93 94 95 96 97 98 
1 3 6 8 9 11 13 18 21 21 22 24 26 27 31 31 32 34 37 40 41 43 44 46 52 52 54 59 62 63 67 67 69 69 70 72 74 75 76 77 79 81 82 86 86 87 90 93 94 95 96 97 98 
1 3 6 8 9 11 13 18 21 22 24 26 27 31 31 32 34 37 40 41 43 44 46 52 52 54 58 59 62 63 67 67 69 69 70 72 74 75 76 77 79 81 82 86 86 87 90 93 94 95 96 97 98 
1 3 6 8 9 11 13 18 21 22 24 26 27 29 31 31 32 34 37 40 41 43 44 46 52 52 54 58 59 62 63 67 67 69 69 70 72 74 75 76 77 79 81 82 86 86 87 90 93 94 96 97 98 
1 3 6 8 9 11 13 18 21 22 24 26 27 29 31 31 32 34 35 40 41 43 44 46 52 52 54 58 59 62 63 67 67 69 69 70 72 74 75 76 77 79 81 82 86 86 87 90 93 94 96 97 98 
1 3 6 8 9 11 13 18 21 22 24 26 27 29 31 31 32 34 35 40 41 43 44 46 52 52 54 58 59 62 63 67 67 69 69 70 72 74 75 76 77 79 81 82 86 86 87 90 94 96 97 98 
1 3 6 8 9 11 13 18 21 22 24 26 27 29 31 31 32 34 35 40 41 43 44 46 52 52 54 58 59 62 63 67 67 69 69 70 72 74 75 76 77 79 81 82 86 86 87 90 94 96 97 98 
1 3 6 8 9 13 18 21 22 24 26 27 28 29 31 31 32 34 35 40 41 43 44 46 52 52 54 58 59 62 63 67 67 69 69 70 72 74 75 76 77 79 81 82 86 86 87 90 94 96 97 98 
1 3 6 8 9 13 18 21 22 24 26 27 28 31 31 32 34 35 40 41 43 44 46 52 52 54 58 59 62 63 67 67 69 69 70 72 74 75 76 77 79 81 82 86 86 87 90 94 96 97 98 
